1;9;96;park
2;16;92;null
3;0;61;mall
4;16;72;park
5;36;54;cinema
6;14;14;gas
7;37;50;null
8;68;85;park
9;68;78;null
10;59;52;gas
11;59;41;park
12;50;10;null
13;44;7;food
14;73;33;null
15;71;10;park
16;70;0;null
17;92;41;food
18;92;72;null
19;111;78;uni
20;107;61;park
21;100;52;null
22;96;23;park
23;98;7;mall
24;105;10;cinema
25;120;12;uni
26;141;76;gas
27;13;13
28;27;47
29;104;113
30;171;149
31;105;101
32;84;81
33;53;50
34;137;152
35;97;41
36;60;23
37;94;3
38;198;94
39;199;67
40;132;157
41;115;54
42;177;172
43;77;199
44;169;42
45;14;68
46;194;36
47;80;43
48;39;4
49;78;176
50;79;184
51;193;56
52;4;157
53;199;155
54;137;46
55;137;102
56;125;143
57;161;193
58;146;148
59;80;175
60;27;195
61;68;65
62;82;193
63;95;46
64;54;173
65;43;23
66;33;74
67;108;106
68;86;57
69;179;44
70;111;198
71;158;43
72;185;141
73;189;92
74;22;91
75;86;0
76;159;174
77;15;127
78;156;53
79;149;142
80;190;185
81;99;35
82;25;129
83;77;54
84;31;7
85;164;53
86;95;101
87;45;91
88;92;122
89;3;94
90;165;134
91;85;69
92;78;81
93;113;15
94;27;51
95;181;51
96;196;181
97;174;82
98;35;85
99;149;57
100;79;134
101;82;96
102;161;23
103;183;190
104;186;4
105;176;45
106;127;49
107;67;2
108;54;182
109;115;188
110;188;132
111;34;72
112;138;72
113;63;84
114;163;89
115;131;162
116;36;138
117;128;39
118;80;94
119;0;100
120;95;170
121;118;39
122;176;52
123;191;170
124;186;158
125;159;192
126;195;44
127;137;164
128;162;80
129;86;61
130;18;180
131;183;11
132;5;195
133;38;185
134;185;26
135;28;200
136;179;124
137;164;163
138;159;188
139;178;116
140;79;78
141;21;56
142;86;139
143;180;56
144;13;7
145;187;53
146;112;93
147;125;158
148;157;185
149;158;140
150;45;180
151;134;59
152;13;171
153;67;34
154;121;157
155;38;129
156;122;39
157;132;200
158;0;12
159;1;146
160;89;64
161;119;192
162;193;199
163;87;77
164;26;105
165;190;6
166;98;96
167;149;113
168;53;75
169;138;108
170;40;104
171;3;152
172;63;63
173;105;70
174;109;94
175;96;14
176;122;181
177;112;173
178;186;174
179;129;95
180;192;130
181;50;71
182;97;190
183;172;31
184;133;32
185;170;136
186;4;196
187;56;45
188;129;52
189;71;69
190;13;95
191;48;162
192;112;30
193;52;11
194;200;137
195;191;185
196;20;76
197;58;116
198;113;192
199;139;157
200;138;171
201;173;139
202;142;20
203;98;73
204;120;94
205;113;168
206;120;24
207;7;121
208;37;177
209;74;151
210;108;72
211;186;6
212;148;139
213;115;88
214;120;11
215;21;88
216;156;35
217;122;102
218;25;59
219;111;148
220;181;103
221;9;80
222;166;161
223;17;38
224;99;124
225;157;179
226;56;102
227;5;52
228;166;7
229;74;96
230;68;12
231;177;140
232;19;86
233;44;16
234;160;181
235;186;7
236;146;137
237;175;102
238;13;77
239;120;17
240;110;105
241;22;76
242;37;151
243;18;60
244;133;44
245;45;71
246;185;137
247;2;107
248;2;89
249;174;148
250;63;73
251;140;196
252;170;52
253;188;177
254;183;176
255;198;2
256;98;53
257;132;134
258;37;79
259;113;177
260;170;64
261;99;31
262;18;26
263;65;167
264;39;177
265;200;160
266;172;181
267;136;152
268;176;93
269;32;121
270;122;91
271;99;120
272;48;141
273;67;148
274;105;97
275;126;148
276;63;28
277;188;122
278;86;90
279;189;121
280;112;76
281;67;54
282;96;43
283;15;124
284;174;20
285;86;16
286;167;35
287;101;90
288;58;8
289;184;130
290;120;70
291;192;158
292;168;41
293;18;174
294;164;39
295;20;83
296;76;194
297;122;185
298;163;55
299;145;169
300;25;161
301;68;108
302;90;158
303;166;5
304;153;69
305;128;16
306;137;131
307;177;82
308;92;111
309;103;50
310;98;137
311;43;90
312;60;20
313;182;112
314;127;141
315;189;197
316;168;115
317;22;61
318;20;119
319;134;166
320;25;74
321;27;120
322;100;54
323;97;168
324;114;16
325;5;99
326;98;48
327;142;83
328;163;40
329;43;149
330;139;160
331;40;125
332;112;46
333;198;42
334;71;157
335;101;106
336;130;37
337;61;154
338;168;25
339;76;183
340;69;109
341;54;63
342;176;81
343;83;13
344;63;138
345;168;64
346;160;171
347;186;105
348;79;106
349;71;125
350;21;163
351;53;36
352;152;48
353;81;119
354;167;121
355;149;175
356;101;34
357;53;7
358;48;174
359;178;3
360;56;4
361;89;16
362;39;186
363;34;58
364;195;107
365;117;44
366;52;67
367;63;27
368;131;118
369;183;194
370;58;191
371;7;46
372;40;198
373;60;82
374;107;15
375;163;18
376;84;69
377;134;23
378;21;46
379;170;94
380;12;91
381;120;140
382;92;150
383;170;34
384;184;154
385;12;50
386;184;182
387;135;11
388;143;83
389;187;158
390;97;91
391;131;77
392;155;150
393;156;110
394;24;29
395;146;87
396;79;129
397;113;122
398;0;66
399;132;156
400;172;5
401;137;70
402;83;147
403;45;65
404;48;94
405;199;107
406;182;71
407;112;158
408;115;192
409;4;188
410;28;165
411;145;129
412;28;41
413;27;85
414;27;73
415;162;162
416;157;151
417;112;133
418;144;21
419;117;167
420;181;50
421;17;152
422;93;21
423;189;107
424;178;51
425;195;191
426;197;186
427;120;122
428;99;154
429;85;184
430;148;135
431;165;103
432;11;94
433;70;156
434;124;39
435;8;152
436;154;156
437;194;150
438;55;61
439;65;36
440;100;161
441;89;110
442;173;116
443;77;7
444;111;32
445;133;22
446;95;97
447;73;51
448;4;70
449;170;105
450;79;75
451;24;150
452;178;184
453;64;42
454;48;2
455;14;168
456;57;27
457;151;12
458;146;155
459;75;172
460;146;86
461;48;174
462;68;26
463;23;160
464;182;138
465;169;89
466;22;3
467;125;194
468;52;126
469;137;23
470;191;105
471;2;45
472;136;47
473;87;154
474;182;57
475;97;168
476;72;166
477;34;133
478;119;63
479;24;140
480;116;61
481;126;100
482;17;0
483;72;168
484;86;157
485;16;107
486;38;128
487;183;123
488;25;72
489;108;132
490;40;109
491;100;146
492;148;160
493;144;159
494;47;48
495;47;51
496;149;18
497;121;109
498;144;43
499;138;59
500;31;200
501;7;132
502;120;191
503;196;82
504;44;170
505;171;47
506;188;33
507;22;13
508;72;175
509;3;193
510;38;138
511;159;122
512;2;132
513;120;37
514;192;4
515;49;173
516;183;150
517;127;13
518;9;87
519;106;171
520;46;13
521;46;151
522;171;88
523;195;5
524;134;82
525;131;45
526;181;14
527;105;77
528;114;149
529;163;40
530;72;10
531;69;76
532;37;68
533;188;178
534;179;33
535;195;44
536;128;172
537;193;146
538;17;115
539;152;54
540;132;179
541;118;81
542;18;51
543;179;153
544;24;57
545;103;19
546;113;137
547;171;32
548;194;192
549;66;74
550;175;120
551;182;161
552;93;127
553;188;10
554;135;95
555;144;195
556;152;30
557;180;143
558;112;132
559;199;176
560;185;161
561;168;47
562;101;64
563;196;127
564;157;60
565;54;156
566;71;5
567;110;69
568;119;175
569;17;49
570;187;65
571;121;6
572;8;32
573;16;169
574;154;102
575;75;99
576;38;7
577;11;98
578;140;84
579;15;149
580;46;32
581;98;119
582;190;129
583;79;11
584;117;2
585;190;32
586;164;101
587;134;86
588;94;113
589;186;85
590;82;68
591;40;159
592;80;149
593;195;150
594;70;191
595;66;175
596;68;140
597;112;92
598;105;128
599;99;97
600;55;118