1;9;96;park
2;16;92;null
3;0;61;mall
4;16;72;park
5;36;54;cinema
6;14;14;gas
7;37;50;null
8;68;85;park
9;68;78;null
10;59;52;gas
11;59;41;park
12;50;10;null
13;44;7;food
14;73;33;null
15;71;10;park
16;70;0;null
17;92;41;food
18;92;72;null
19;111;78;uni
20;107;61;park
21;100;52;null
22;96;23;park
23;98;7;mall
24;105;10;cinema
25;120;12;uni
26;141;76;gas
27;99;14
28;108;158
29;19;99
30;136;8
31;64;173
32;32;38
33;74;94
34;49;146
35;173;96
36;121;56
37;81;124
38;45;198
39;27;3
40;77;190
41;90;63
42;133;152
43;197;3
44;15;95
45;165;40
46;1;13
47;11;86
48;71;26
49;75;155
50;5;3
51;176;152
52;155;124
53;96;123
54;30;175
55;160;180
56;190;25
57;89;160
58;151;17
59;172;196
60;150;60
61;4;87
62;51;157
63;11;33
64;16;11
65;178;184
66;139;130
67;14;99
68;182;20
69;112;120
70;38;179
71;93;62
72;12;188
73;66;29
74;27;105
75;194;31
76;176;185
77;62;116
78;111;37
79;4;122
80;144;55
81;173;99
82;104;87
83;184;99
84;20;133
85;45;114
86;107;9
87;72;137
88;24;131
89;5;108
90;185;35
91;186;45
92;34;50
93;193;127
94;194;92
95;4;9
96;33;116
97;64;102
98;174;75
99;92;170
100;117;135
101;194;178
102;101;4
103;10;81
104;162;56
105;114;7
106;107;68
107;149;84
108;8;193
109;194;62
110;94;25
111;119;142
112;177;178
113;148;142
114;184;123
115;20;16
116;199;2
117;28;102
118;3;156
119;58;108
120;144;5
121;57;105
122;70;146
123;193;3
124;40;47
125;124;176
126;109;150
127;81;122
128;88;176
129;32;50
130;120;73
131;143;76
132;66;134
133;28;72
134;122;42
135;92;59
136;21;59
137;134;88
138;25;51
139;73;110
140;83;6
141;127;175
142;170;5
143;184;18
144;167;112
145;43;108
146;78;155
147;93;167
148;65;69
149;21;174
150;68;185
151;167;74
152;57;183
153;150;169
154;197;145
155;88;54
156;28;121
157;40;118
158;186;40
159;111;24
160;177;172
161;75;200
162;35;18
163;27;154
164;21;25
165;121;181
166;107;75
167;101;111
168;160;32
169;20;118
170;133;120
171;151;92
172;110;126
173;44;134
174;22;82
175;41;94
176;123;46
177;103;10
178;10;163
179;60;193
180;76;138
181;55;33
182;80;65
183;167;79
184;164;66
185;195;29
186;7;158
187;132;35
188;186;174
189;17;17
190;0;12
191;30;147
192;70;51
193;153;93
194;191;2
195;21;170
196;153;20
197;75;122
198;103;189
199;191;57
200;19;167
201;175;183
202;33;102
203;10;25
204;121;196
205;151;54
206;163;194
207;66;124
208;194;125
209;172;179
210;92;87
211;133;79
212;117;150
213;58;20
214;99;82
215;178;142
216;196;93
217;161;171
218;133;192
219;2;82
220;148;90
221;169;121
222;107;87
223;116;33
224;77;142
225;45;131
226;35;77
227;182;65
228;176;110
229;138;116
230;75;25
231;172;60
232;166;128
233;22;28
234;195;152
235;19;192
236;37;42
237;10;132
238;5;150
239;9;159
240;79;112
241;132;49
242;5;78
243;19;79
244;32;174
245;1;174
246;99;106
247;33;36
248;99;199
249;173;102
250;134;151
251;11;105
252;78;72
253;59;13
254;172;93
255;7;44
256;11;18
257;160;131
258;134;46
259;11;26
260;131;143
261;6;41
262;18;48
263;154;57
264;23;14
265;165;79
266;116;120
267;8;95
268;10;55
269;157;88
270;60;24
271;187;66
272;109;192
273;153;2
274;7;176
275;179;50
276;57;36
277;131;9
278;13;79
279;196;31
280;190;132
281;104;144
282;2;47
283;131;91
284;175;73
285;20;85
286;164;151
287;200;24
288;32;188
289;30;47
290;96;186
291;58;14
292;154;168
293;41;161
294;152;193
295;96;144
296;145;129
297;17;200
298;122;120
299;187;80
300;1;164
301;71;5
302;2;181
303;46;180
304;130;71
305;186;166
306;1;136
307;120;71
308;138;132
309;189;131
310;144;113
311;70;133
312;123;23
313;166;161
314;50;120
315;49;17
316;81;196
317;174;86
318;98;98
319;100;80
320;123;162
321;150;87
322;173;198
323;37;69
324;6;52
325;184;146
326;176;137
327;42;116
328;13;63
329;198;147
330;155;187
331;112;85
332;179;25
333;179;88
334;124;48
335;40;67
336;97;100
337;2;199
338;148;126
339;40;135
340;8;127
341;134;194
342;105;113
343;192;108
344;22;173
345;144;161
346;17;193
347;40;21
348;102;67
349;175;173
350;12;60
351;40;136
352;132;198
353;127;60
354;3;197
355;67;181
356;28;119
357;65;4
358;66;174
359;188;39
360;105;33
361;81;156
362;102;182
363;97;9
364;50;65
365;188;35
366;23;189
367;99;13
368;38;99
369;130;162
370;162;59
371;66;193
372;193;68
373;145;194
374;189;34
375;30;121
376;38;104
377;27;145
378;23;92
379;46;77
380;49;54
381;56;168
382;129;100
383;48;64
384;136;54
385;36;9
386;43;166
387;196;93
388;40;46
389;38;5
390;190;176
391;66;138
392;77;93
393;19;16
394;110;76
395;72;167
396;90;37
397;155;18
398;57;10
399;169;1
400;52;144
401;192;45
402;8;185
403;92;137
404;135;24
405;94;128
406;77;111
407;65;11
408;177;200
409;101;156
410;111;100
411;19;103
412;185;11
413;192;36
414;54;93
415;144;159
416;11;167
417;170;181
418;3;66
419;72;44
420;69;147
421;41;115
422;97;111
423;35;9
424;50;178
425;80;186
426;51;134
427;33;119
428;104;127
429;95;2
430;148;12
431;140;173
432;75;82
433;175;46
434;8;54
435;130;164
436;130;3
437;16;167
438;43;31
439;118;124
440;35;81
441;131;33
442;17;82
443;63;56
444;103;117
445;23;15
446;129;94
447;196;162
448;112;157
449;29;8
450;37;108
451;30;105
452;64;22
453;170;53
454;165;196
455;61;45
456;173;79
457;15;32
458;62;132
459;79;66
460;4;72
461;176;135
462;55;105
463;177;149
464;112;80
465;159;146
466;60;29
467;181;33
468;103;67
469;154;34
470;114;148
471;152;25
472;3;187
473;5;94
474;108;131
475;74;44
476;103;151
477;35;28
478;163;65
479;176;17
480;22;155
481;137;29
482;45;124
483;59;15
484;183;176
485;56;191
486;73;140
487;68;145
488;169;85
489;109;99
490;157;159
491;184;167
492;15;90
493;48;117
494;194;162
495;189;4
496;145;124
497;80;94
498;111;145
499;129;26
500;77;91
501;13;54
502;8;166
503;76;23
504;154;131
505;10;38
506;50;35
507;151;73
508;144;47
509;130;165
510;97;112
511;16;97
512;55;76
513;35;24
514;107;181
515;155;48
516;82;189
517;39;41
518;108;84
519;148;28
520;166;161
521;172;194
522;160;57
523;192;173
524;94;29
525;19;81
526;106;78
527;88;114
528;150;64
529;79;178
530;46;89
531;183;27
532;78;60
533;26;93
534;15;107
535;182;32
536;82;181
537;11;162
538;157;39
539;126;21
540;184;36
541;159;77
542;33;19
543;26;36
544;199;12
545;200;122
546;4;190
547;19;1
548;24;56
549;105;189
550;171;200
551;198;26
552;174;2
553;12;20
554;194;18
555;15;184
556;51;80
557;14;164
558;29;159
559;26;125
560;31;160
561;16;179
562;157;30
563;73;123
564;173;158
565;5;176
566;184;37
567;67;24
568;150;121
569;76;170
570;153;76
571;185;47
572;39;87
573;43;177
574;116;35
575;12;65
576;74;52
577;193;68
578;131;135
579;80;94
580;11;23
581;67;68
582;121;142
583;85;140
584;45;145
585;102;34
586;159;103
587;28;189
588;76;84
589;91;178
590;109;32
591;26;28
592;107;185
593;113;77
594;17;144
595;44;99
596;79;127
597;1;84
598;184;92
599;47;84
600;67;80
601;16;73
602;99;184
603;31;93
604;37;126
605;82;74
606;13;132
607;145;56
608;173;200
609;166;187
610;199;60
611;59;154
612;138;3
613;185;195
614;42;67
615;14;20
616;63;92
617;147;43
618;61;120
619;172;198
620;85;123
621;168;102
622;72;11
623;120;142
624;20;46
625;172;96
626;55;160
627;37;93
628;196;47
629;174;188
630;149;109
631;177;143
632;86;116
633;198;113
634;87;170
635;146;71
636;90;156
637;171;41
638;155;41
639;101;149
640;118;184
641;88;10
642;69;20
643;162;41
644;150;142
645;152;103
646;87;137
647;30;38
648;9;88
649;20;155
650;32;71
651;193;168
652;76;120
653;154;161
654;188;42
655;58;35
656;58;103
657;82;62
658;200;106
659;21;3
660;81;2
661;23;38
662;192;39
663;58;67
664;6;122
665;66;140
666;138;194
667;119;42
668;26;102
669;68;168
670;188;23
671;55;62
672;130;45
673;9;91
674;45;76
675;71;160
676;43;52
677;160;90
678;108;182
679;69;0
680;34;128
681;164;73
682;22;31
683;36;23
684;106;121
685;180;166
686;162;189
687;104;193
688;187;24
689;13;3
690;161;58
691;98;3
692;167;185
693;58;143
694;87;188
695;94;20
696;73;106
697;43;68
698;93;128
699;56;41
700;112;20
701;194;9
702;61;49
703;111;132
704;101;84
705;122;29
706;191;121
707;71;11
708;135;102
709;179;70
710;63;66
711;199;124
712;58;182
713;156;99
714;156;141
715;48;132
716;46;59
717;181;67
718;188;5
719;128;57
720;3;149
721;162;132
722;8;165
723;153;125
724;176;130
725;180;144
726;149;169
727;67;137
728;25;1
729;145;170
730;52;64
731;104;84
732;10;21
733;173;161
734;194;182
735;136;20
736;200;69
737;0;181
738;164;119
739;35;61
740;2;31
741;199;87
742;94;173
743;127;31
744;47;63
745;125;131
746;134;15
747;110;39
748;160;8
749;120;134
750;18;158
751;105;68
752;180;11
753;103;191
754;9;135
755;25;8
756;131;33
757;157;36
758;126;136
759;61;159
760;41;187
761;184;13
762;122;5
763;120;186
764;189;192
765;100;178
766;48;104
767;13;36
768;51;56
769;90;154
770;20;178
771;72;187
772;194;150
773;40;102
774;52;70
775;61;65
776;88;97
777;76;185
778;29;38
779;21;115
780;85;180
781;137;114
782;176;36
783;184;59
784;121;69
785;57;38
786;4;108
787;127;183
788;43;129
789;129;65
790;13;70
791;46;33
792;10;104
793;199;9
794;74;154
795;111;145
796;152;130
797;104;156
798;184;57
799;170;16
800;116;20
801;76;195
802;124;39
803;54;190
804;129;107
805;54;167
806;101;114
807;157;49
808;133;37
809;188;171
810;73;62
811;109;28
812;184;144
813;7;176
814;14;16
815;84;9
816;176;192
817;117;158
818;25;94
819;50;189
820;50;152
821;86;38
822;105;169
823;99;9
824;175;92
825;118;180
826;165;11
827;5;50
828;162;152
829;149;11
830;132;101
831;137;140
832;150;191
833;163;44
834;54;30
835;23;58
836;62;68
837;57;106
838;51;143
839;183;112
840;115;76
841;128;8
842;132;116
843;24;163
844;81;135
845;175;105
846;52;191
847;47;77
848;186;52
849;95;144
850;7;175
851;75;184
852;98;36
853;192;2
854;107;42
855;180;51
856;41;46
857;48;138
858;172;177
859;105;188
860;6;56
861;139;168
862;128;36
863;73;130
864;3;3
865;193;167
866;70;79
867;93;133
868;120;46
869;48;18
870;127;95
871;42;80
872;107;162
873;109;38
874;105;111
875;159;126
876;16;86
877;121;180
878;12;121
879;58;135
880;197;139
881;10;98
882;170;53
883;90;12
884;59;21
885;41;105
886;65;129
887;66;16
888;0;181
889;30;74
890;69;44
891;191;64
892;143;12
893;126;20
894;102;103
895;42;104
896;116;115
897;169;196
898;57;77
899;153;122
900;80;111
901;128;49
902;120;108
903;179;88
904;81;66
905;86;182
906;0;55
907;17;107
908;200;166
909;47;7
910;199;10
911;108;24
912;123;163
913;16;83
914;96;179
915;48;10
916;99;144
917;76;123
918;69;19
919;191;145
920;116;187
921;61;169
922;11;40
923;154;185
924;154;162
925;15;153
926;121;121
927;4;187
928;38;14
929;114;40
930;161;36
931;188;0
932;94;114
933;155;76
934;104;65
935;107;159
936;198;0
937;1;72
938;102;180
939;8;48
940;158;53
941;3;90
942;199;24
943;65;106
944;83;139
945;141;30
946;18;184
947;65;156
948;184;165
949;76;58
950;136;185
951;36;84
952;137;199
953;6;76
954;163;59
955;121;17
956;198;160
957;142;83
958;71;183
959;60;186
960;172;56
961;75;2
962;48;188
963;161;119
964;80;146
965;81;144
966;133;149
967;69;122
968;29;156
969;15;28
970;9;160
971;68;1
972;90;168
973;154;39
974;149;42
975;131;185
976;151;79
977;189;12
978;77;83
979;181;78
980;187;176
981;53;143
982;172;95
983;47;26
984;172;155
985;35;185
986;164;88
987;9;149
988;114;31
989;118;92
990;90;183
991;3;75
992;42;3
993;51;29
994;98;21
995;21;74
996;174;176
997;63;66
998;90;169
999;164;173
1000;196;83
